18 0.2828125 0.6875 0.565625 0.625
18 0.64453125 0.63359375 0.3671875 0.39453125
18 0.81015625 0.47734375 0.28203125 0.28125
18 0.76328125 0.14921875 0.31328125 0.278125
18 0.61875 0.3640625 0.3 0.2828125
18 0.3453125 0.29296875 0.253125 0.2078125
18 0.45078125 0.17421875 0.19765625 0.20859375
18 0.565625 0.08984375 0.14609375 0.1796875
18 0.39609375 0.0515625 0.20078125 0.103125
18 0.23828125 0.15 0.18828125 0.3
18 0.06953125 0.08125 0.1390625 0.1625
18 0.046875 0.24453125 0.09375 0.30859375
18 0.6046875 0.91484375 0.3625 0.1703125