24 0.10625 0.2171875 0.2125 0.434375
24 0.3046875 0.11640625 0.2 0.2328125
24 0.309375 0.47265625 0.2453125 0.55546875
24 0.11953125 0.70078125 0.2390625 0.5984375
24 0.44140625 0.17734375 0.125 0.2921875
24 0.51328125 0.06953125 0.11640625 0.1390625
24 0.565625 0.40859375 0.13125 0.2796875
24 0.61640625 0.1375 0.134375 0.27421875
24 0.7 0.34140625 0.15859375 0.33515625
24 0.671875 0.61015625 0.14765625 0.32109375
24 0.46875 0.46640625 0.08671875 0.21640625
24 0.4375 0.6640625 0.08515625 0.234375
24 0.52734375 0.6859375 0.12734375 0.31328125
24 0.60234375 0.81875 0.096875 0.2265625
24 0.278125 0.8703125 0.13671875 0.25859375
24 0.3765625 0.78359375 0.0921875 0.2640625
24 0.44921875 0.84375 0.07578125 0.23515625
24 0.3875 0.9390625 0.084375 0.121875
24 0.5265625 0.91328125 0.08828125 0.16953125
24 0.66328125 0.9265625 0.1890625 0.14609375
24 0.778125 0.88046875 0.12578125 0.2265625
24 0.90078125 0.703125 0.10390625 0.29140625
24 0.84375 0.34609375 0.11171875 0.28203125
24 0.721875 0.071875 0.10859375 0.14375