0 0.1234375 0.184375 0.2421875 0.3578125
0 0.40234375 0.18046875 0.2703125 0.3609375
0 0.753125 0.1796875 0.3890625 0.34765625
0 0.2234375 0.53203125 0.25234375 0.215625
0 0.34296875 0.4515625 0.24296875 0.18984375
0 0.61953125 0.521875 0.19375 0.23203125
0 0.746875 0.47578125 0.221875 0.259375
0 0.11875 0.83046875 0.21640625 0.16796875
0 0.12578125 0.73671875 0.23046875 0.1640625
0 0.52734375 0.89296875 0.28515625 0.21328125
0 0.4359375 0.78515625 0.14921875 0.31015625
0 0.82734375 0.7859375 0.3265625 0.20859375