11 0.090625 0.1453125 0.18046875 0.2546875
11 0.2609375 0.0828125 0.21875 0.16484375
11 0.50703125 0.1515625 0.21171875 0.24765625
11 0.859375 0.17421875 0.22109375 0.28828125
11 0.72109375 0.3171875 0.2421875 0.34375
11 0.95078125 0.35078125 0.0984375 0.33984375
11 0.2625 0.3578125 0.2515625 0.2671875
11 0.05703125 0.403125 0.1140625 0.25
11 0.13359375 0.640625 0.2671875 0.3453125
11 0.36484375 0.63984375 0.228125 0.27265625
11 0.2453125 0.83203125 0.2828125 0.2375
11 0.58125 0.88828125 0.2421875 0.1296875
11 0.840625 0.859375 0.26484375 0.1671875
11 0.696875 0.65078125 0.28125 0.27890625
11 0.92890625 0.68203125 0.1421875 0.3265625