18 0.515625 0.4671875 0.25234375 0.33125
18 0.30234375 0.67890625 0.2265625 0.31328125
18 0.265625 0.46796875 0.18046875 0.278125
18 0.37265625 0.39765625 0.19921875 0.3078125
18 0.53828125 0.25078125 0.20234375 0.203125
18 0.68515625 0.36484375 0.1984375 0.18203125
18 0.71953125 0.58359375 0.22734375 0.38125
18 0.51796875 0.7359375 0.2875 0.27890625
14 0.940625 0.51875 0.11875 0.15859375
14 0.91875 0.6546875 0.13359375 0.16171875
14 0.946875 0.90390625 0.10625 0.1921875
11 0.703125 0.1453125 0.346875 0.290625
11 0.80390625 0.0953125 0.2859375 0.190625