20 0.77421875 0.5328125 0.14609375 0.228125
20 0.6734375 0.55078125 0.13125 0.21953125
20 0.47890625 0.51796875 0.17890625 0.2234375
20 0.67890625 0.74921875 0.14453125 0.2234375
20 0.81640625 0.734375 0.14375 0.23359375
20 0.9328125 0.715625 0.134375 0.25625
20 0.93828125 0.621875 0.1234375 0.16875
20 0.853125 0.5546875 0.075 0.20859375
20 0.15078125 0.65546875 0.1515625 0.1859375
20 0.08515625 0.76640625 0.1359375 0.2
20 0.2625 0.734375 0.14609375 0.22265625
20 0.43671875 0.77578125 0.1609375 0.21328125
20 0.55078125 0.759375 0.12578125 0.20234375
20 0.23828125 0.54140625 0.16953125 0.215625
20 0.39609375 0.59296875 0.171875 0.221875
20 0.565625 0.55234375 0.07890625 0.21328125