18 0.18125 0.1015625 0.27578125 0.20234375
18 0.26015625 0.32578125 0.27265625 0.359375
18 0.44453125 0.12890625 0.221875 0.2578125
18 0.65546875 0.12421875 0.22890625 0.24765625
18 0.8546875 0.11875 0.290625 0.2375
18 0.5421875 0.26953125 0.28515625 0.34140625
18 0.79375 0.30859375 0.22265625 0.2828125
18 0.06875 0.240625 0.1375 0.3
18 0.040625 0.47890625 0.08046875 0.1859375
18 0.14140625 0.50625 0.171875 0.13203125
18 0.2984375 0.6859375 0.234375 0.4
18 0.53671875 0.5390625 0.31796875 0.246875
18 0.90390625 0.52109375 0.1921875 0.3140625
18 0.7765625 0.60859375 0.2578125 0.33125
18 0.6 0.7359375 0.34140625 0.3515625
18 0.08984375 0.7703125 0.17890625 0.459375
18 0.40703125 0.87890625 0.28984375 0.2421875
18 0.67734375 0.93671875 0.22734375 0.1234375
18 0.89375 0.81953125 0.2125 0.278125