24 0.5 0.56328125 0.384375 0.546875
24 0.6234375 0.73828125 0.15546875 0.1734375
24 0.7578125 0.271875 0.15 0.28359375
24 0.36328125 0.15625 0.2015625 0.2953125
24 0.2359375 0.09609375 0.15859375 0.19140625
24 0.7625 0.06328125 0.15 0.1265625
24 0.909375 0.33125 0.1359375 0.22734375
24 0.771875 0.50234375 0.1578125 0.23515625
24 0.91640625 0.5546875 0.1671875 0.23046875
24 0.77421875 0.7015625 0.1359375 0.209375
24 0.90859375 0.740625 0.115625 0.178125
24 0.803125 0.8890625 0.390625 0.221875
24 0.51328125 0.915625 0.1328125 0.16875
24 0.36640625 0.903125 0.1125 0.19296875
24 0.2578125 0.90703125 0.13671875 0.1859375
24 0.1375 0.8609375 0.1328125 0.22578125
24 0.265625 0.73515625 0.15390625 0.196875
24 0.2453125 0.5328125 0.14609375 0.246875
24 0.0828125 0.659375 0.15625 0.2890625
24 0.09765625 0.40390625 0.1265625 0.21328125
24 0.23828125 0.27890625 0.16171875 0.2515625
24 0.084375 0.17109375 0.153125 0.27578125