18 0.35 0.584375 0.18046875 0.24375
18 0.49140625 0.68984375 0.18046875 0.33984375
18 0.24609375 0.52421875 0.2421875 0.45234375
18 0.29921875 0.2390625 0.23125 0.3375
18 0.484375 0.175 0.215625 0.3234375
18 0.453125 0.40859375 0.2 0.215625
18 0.640625 0.35546875 0.2125 0.38984375
18 0.81796875 0.51640625 0.20546875 0.2921875
18 0.91875 0.7671875 0.1625 0.340625
18 0.665625 0.671875 0.2328125 0.30390625
18 0.303125 0.84453125 0.284375 0.3109375
18 0.58984375 0.88515625 0.26171875 0.2296875
18 0.80234375 0.84453125 0.2515625 0.3109375