16 0.84296875 0.90546875 0.20859375 0.1890625
16 0.73203125 0.746875 0.17734375 0.2359375
16 0.64921875 0.8984375 0.203125 0.203125
16 0.83203125 0.52109375 0.26796875 0.43203125
16 0.56484375 0.5296875 0.3171875 0.3953125
16 0.4546875 0.8265625 0.4 0.34609375
16 0.29375 0.61015625 0.28828125 0.42265625
16 0.33828125 0.334375 0.2546875 0.334375
16 0.6 0.23046875 0.253125 0.30625
16 0.45234375 0.13671875 0.209375 0.2734375
16 0.21953125 0.2140625 0.19609375 0.2640625
16 0.125 0.5046875 0.25 0.38984375