24 0.8265625 0.121875 0.2359375 0.2125
24 0.76953125 0.48671875 0.23203125 0.25859375
24 0.79375 0.81015625 0.2171875 0.23125
24 0.51328125 0.76796875 0.25546875 0.2359375
24 0.46015625 0.5140625 0.1890625 0.2046875
24 0.4296875 0.29453125 0.13203125 0.18046875
24 0.2421875 0.2984375 0.10546875 0.13984375
24 0.2234375 0.46640625 0.1390625 0.1578125
24 0.21640625 0.6703125 0.1828125 0.1984375
24 0.284375 0.86484375 0.18125 0.19453125
24 0.12265625 0.821875 0.153125 0.16015625
24 0.54765625 0.94375 0.2171875 0.1125
24 0.78046875 0.97265625 0.2453125 0.0546875