0 0.94140625 0.08359375 0.1171875 0.1671875
0 0.7015625 0.15625 0.25625 0.21015625
0 0.46328125 0.0703125 0.2328125 0.140625
0 0.20078125 0.18515625 0.2046875 0.17109375
0 0.0375 0.06953125 0.075 0.13828125
0 0.96328125 0.26875 0.0734375 0.215625
0 0.72890625 0.40234375 0.2421875 0.24140625
0 0.4609375 0.2875 0.2296875 0.2
0 0.203125 0.41328125 0.25703125 0.234375
0 0.04296875 0.3171875 0.0859375 0.23671875
0 0.4765625 0.55546875 0.21796875 0.2421875
0 0.75234375 0.6734375 0.23125 0.21171875
0 0.95078125 0.51484375 0.0984375 0.1921875
0 0.0578125 0.5328125 0.115625 0.15625
0 0.2375 0.65390625 0.22578125 0.17265625
0 0.05390625 0.771875 0.10703125 0.21953125
0 0.440625 0.78125 0.26171875 0.2046875
0 0.925 0.7703125 0.15 0.25
0 0.69375 0.91171875 0.21796875 0.16953125
0 0.1921875 0.90234375 0.309375 0.19453125