14 0.83984375 0.36953125 0.3203125 0.43671875
14 0.82109375 0.78515625 0.2265625 0.3359375
14 0.628125 0.8234375 0.1875 0.259375
14 0.69296875 0.60703125 0.14140625 0.23203125
14 0.5890625 0.34375 0.17734375 0.1765625
14 0.603125 0.4890625 0.21484375 0.26015625
14 0.478125 0.6671875 0.196875 0.1984375
14 0.421875 0.8296875 0.19921875 0.190625
14 0.2234375 0.825 0.23515625 0.26796875
14 0.08046875 0.7015625 0.1609375 0.16875
14 0.29140625 0.6109375 0.29765625 0.18359375
14 0.40390625 0.45078125 0.21640625 0.23359375
14 0.51171875 0.221875 0.2171875 0.18203125
14 0.38828125 0.26328125 0.18515625 0.15234375
14 0.23046875 0.2859375 0.19921875 0.1984375
14 0.26640625 0.3828125 0.1640625 0.1984375
14 0.10625 0.5296875 0.19765625 0.2140625
14 0.090625 0.3765625 0.18125 0.1859375