3 0.0984375 0.16484375 0.196875 0.3296875
3 0.3265625 0.17109375 0.32109375 0.34140625
3 0.59609375 0.17578125 0.2859375 0.3515625
3 0.8578125 0.1765625 0.28359375 0.353125
3 0.046875 0.48671875 0.09296875 0.31484375
3 0.19765625 0.45 0.2453125 0.38359375
3 0.4546875 0.43203125 0.26015625 0.428125
3 0.72109375 0.4578125 0.28515625 0.3921875
3 0.92578125 0.478125 0.1484375 0.40234375
3 0.09140625 0.79609375 0.1828125 0.3953125
3 0.3171875 0.76640625 0.2859375 0.43515625
3 0.57734375 0.78125 0.28125 0.41640625
3 0.84921875 0.81484375 0.3015625 0.36953125