17 0.753125 0.45703125 0.4078125 0.43671875
17 0.2234375 0.64296875 0.36796875 0.43125
17 0.14296875 0.21484375 0.21875 0.22265625
17 0.3828125 0.03046875 0.225 0.0609375
17 0.3171875 0.13515625 0.10703125 0.07265625
17 0.43359375 0.69375 0.15234375 0.16875
17 0.6234375 0.9109375 0.2609375 0.17109375
17 0.43515625 0.7875 0.07421875 0.0671875
17 0.93125 0.8828125 0.13671875 0.23359375
17 0.121875 0.940625 0.24375 0.11796875
17 0.528125 0.1359375 0.19375 0.13359375
17 0.6734375 0.0828125 0.23125 0.16484375
17 0.49765625 0.4703125 0.125 0.25
17 0.2390625 0.37265625 0.11328125 0.1109375
17 0.13125 0.3734375 0.059375 0.07734375
17 0.02421875 0.575 0.0484375 0.25234375
17 0.35546875 0.85859375 0.06171875 0.071875
17 0.915625 0.65703125 0.05703125 0.07734375
17 0.9859375 0.26640625 0.028125 0.0640625
17 0.52734375 0.278125 0.09609375 0.09296875