24 0.28359375 0.0515625 0.13125 0.10234375
24 0.4109375 0.08828125 0.140625 0.1765625
24 0.3328125 0.20390625 0.121875 0.14375
24 0.42421875 0.3125 0.17734375 0.22578125
24 0.584375 0.271875 0.178125 0.19375
24 0.625 0.4484375 0.18828125 0.24921875
24 0.5734375 0.58984375 0.20703125 0.23125
24 0.434375 0.69140625 0.0953125 0.12109375
24 0.50703125 0.8625 0.18125 0.221875
24 0.58125 0.74921875 0.13359375 0.16953125
24 0.65 0.8203125 0.12734375 0.128125
24 0.7125 0.68828125 0.14453125 0.1984375
24 0.78984375 0.03984375 0.0921875 0.0796875
24 0.82265625 0.1859375 0.084375 0.10859375
24 0.8765625 0.12109375 0.0859375 0.08046875
24 0.85703125 0.265625 0.09375 0.1375