24 0.10546875 0.25 0.1578125 0.4046875
24 0.24453125 0.31640625 0.16328125 0.365625
24 0.2421875 0.09921875 0.203125 0.1984375
24 0.43359375 0.25546875 0.2609375 0.5109375
24 0.58984375 0.4828125 0.18359375 0.321875
24 0.6515625 0.19609375 0.16484375 0.30546875
24 0.80390625 0.0828125 0.21328125 0.165625
24 0.8046875 0.30078125 0.13515625 0.37265625
24 0.93125 0.23125 0.128125 0.3671875
24 0.203125 0.7296875 0.2953125 0.540625
24 0.43359375 0.71015625 0.22578125 0.4328125
24 0.73125 0.725 0.3421875 0.55