19 0.16640625 0.28828125 0.240625 0.40234375
19 0.43671875 0.865625 0.3890625 0.26875
19 0.15546875 0.828125 0.3109375 0.34375
19 0.28125 0.690625 0.1625 0.18046875
19 0.1265625 0.54453125 0.165625 0.25078125
19 0.9015625 0.86796875 0.196875 0.2609375
19 0.459375 0.59765625 0.2 0.33125
19 0.50703125 0.07578125 0.9859375 0.1515625
19 0.4140625 0.25234375 0.115625 0.15703125
19 0.503125 0.26171875 0.08828125 0.11484375
19 0.490625 0.3890625 0.1015625 0.20078125
19 0.65625 0.4609375 0.140625 0.27578125
19 0.721875 0.5484375 0.1390625 0.23203125
19 0.76953125 0.3640625 0.09765625 0.171875
19 0.71953125 0.3078125 0.0796875 0.14453125
19 0.803125 0.2265625 0.096875 0.12890625
19 0.6359375 0.18125 0.15 0.0890625