17 0.20546875 0.52734375 0.13203125 0.35390625
17 0.8546875 0.51015625 0.1171875 0.39453125
17 0.34921875 0.59140625 0.10859375 0.12109375
17 0.409375 0.5640625 0.06640625 0.0703125
17 0.28203125 0.66796875 0.07734375 0.0796875
17 0.41953125 0.64609375 0.0515625 0.0359375
17 0.5390625 0.58359375 0.06875 0.0703125
17 0.4328125 0.76171875 0.0515625 0.10234375
17 0.4953125 0.79296875 0.04921875 0.0671875
17 0.60546875 0.73828125 0.0890625 0.0578125
17 0.71328125 0.63046875 0.0671875 0.0796875
17 0.540625 0.6453125 0.33359375 0.14453125