3 0.66640625 0.62109375 0.315625 0.5125
3 0.6390625 0.9390625 0.2234375 0.121875
3 0.465625 0.75 0.17421875 0.3359375
3 0.43828125 0.946875 0.10078125 0.10625
3 0.4234375 0.40625 0.24921875 0.434375
3 0.22578125 0.77109375 0.23984375 0.37421875
3 0.121875 0.44140625 0.24375 0.4375
3 0.290625 0.225 0.14921875 0.2625
3 0.684375 0.21796875 0.25234375 0.36953125
3 0.496875 0.15078125 0.2375 0.3015625
3 0.93046875 0.2015625 0.1390625 0.40234375
3 0.86953125 0.53203125 0.18125 0.28828125
3 0.75078125 0.07265625 0.14375 0.14453125