16 0.49765625 0.33203125 0.2765625 0.32421875
16 0.58359375 0.73125 0.1359375 0.2203125
16 0.87421875 0.64921875 0.08125 0.17421875
16 0.9625 0.60078125 0.075 0.1484375
16 0.9625 0.734375 0.075 0.175
16 0.421875 0.6484375 0.20078125 0.2875
16 0.59140625 0.58671875 0.18671875 0.32265625
16 0.74609375 0.5546875 0.1609375 0.19296875
16 0.73046875 0.359375 0.25390625 0.265625
16 0.5796875 0.225 0.16015625 0.2109375
16 0.6765625 0.24765625 0.10625 0.190625
16 0.3359375 0.34140625 0.15703125 0.21328125
16 0.2390625 0.4328125 0.12734375 0.1265625
16 0.3546875 0.54140625 0.25390625 0.27734375