15 0.26953125 0.4671875 0.11328125 0.27109375
15 0.32734375 0.7265625 0.053125 0.16875
15 0.38515625 0.64140625 0.0890625 0.36328125
15 0.5046875 0.6984375 0.08359375 0.17578125
15 0.49921875 0.53203125 0.15546875 0.26640625
15 0.6859375 0.57890625 0.109375 0.17109375
15 0.80703125 0.49296875 0.11015625 0.165625
15 0.453125 0.384375 0.1078125 0.2125
15 0.528125 0.3265625 0.10625 0.2625
15 0.7203125 0.27578125 0.08828125 0.18984375
15 0.65859375 0.1578125 0.09453125 0.315625
15 0.58671875 0.20546875 0.10625 0.196875
15 0.3828125 0.26875 0.11796875 0.19609375