25 0.23203125 0.18515625 0.175 0.24921875
25 0.42265625 0.175 0.21015625 0.23828125
25 0.5984375 0.1515625 0.225 0.228125
25 0.80625 0.184375 0.25625 0.26328125
25 0.16484375 0.31015625 0.21484375 0.2109375
25 0.3890625 0.3796875 0.22734375 0.31953125
25 0.6046875 0.37734375 0.23671875 0.33515625
25 0.82578125 0.396875 0.23828125 0.2890625
25 0.16484375 0.50078125 0.2265625 0.221875
25 0.16640625 0.71796875 0.20234375 0.29296875
25 0.3625 0.6578125 0.21875 0.34140625
25 0.6109375 0.659375 0.25546875 0.375
25 0.83828125 0.69609375 0.2734375 0.41796875