11 0.2640625 0.3703125 0.25078125 0.6515625
11 0.24375 0.53671875 0.29375 0.6828125
11 0.37421875 0.45859375 0.19453125 0.66484375
11 0.409375 0.225 0.18359375 0.45
11 0.51640625 0.30078125 0.17265625 0.590625
11 0.6046875 0.2375 0.1546875 0.475
11 0.70703125 0.3578125 0.10546875 0.640625
11 0.7953125 0.36484375 0.14921875 0.68984375
11 0.9078125 0.41875 0.14765625 0.66484375
11 0.94296875 0.76484375 0.1109375 0.4703125
11 0.740625 0.83515625 0.25078125 0.3265625
11 0.590625 0.82265625 0.15078125 0.3546875
11 0.4078125 0.88671875 0.22890625 0.2265625