24 0.8890625 0.115625 0.178125 0.23125
24 0.853125 0.48984375 0.17578125 0.2859375
24 0.72109375 0.78828125 0.25546875 0.37734375
24 0.50234375 0.17109375 0.1484375 0.22421875
24 0.53515625 0.4234375 0.140625 0.19453125
24 0.5359375 0.646875 0.1328125 0.21171875
24 0.5234375 0.8328125 0.13515625 0.17734375
24 0.453125 0.4296875 0.0765625 0.1515625
24 0.43515625 0.57578125 0.09921875 0.11015625
24 0.3734375 0.7171875 0.096875 0.1328125
24 0.296875 0.4953125 0.10390625 0.184375
24 0.29140625 0.59375 0.0765625 0.1015625
24 0.23984375 0.68671875 0.1140625 0.1203125
24 0.2265625 0.46484375 0.08203125 0.1671875
24 0.196875 0.56328125 0.1078125 0.10390625
24 0.159375 0.6671875 0.06875 0.115625
24 0.1171875 0.56171875 0.10625 0.178125
24 0.05 0.5015625 0.1 0.25078125