6 0.4375 0.34609375 0.34296875 0.471875
6 0.82578125 0.70078125 0.284375 0.5953125
6 0.81328125 0.20703125 0.221875 0.34453125
6 0.60546875 0.08984375 0.2265625 0.1796875
6 0.259375 0.7046875 0.2140625 0.365625
6 0.61328125 0.775 0.1828125 0.2375
7 0.525 0.65 0.30859375 0.20625
7 0.8984375 0.74765625 0.20234375 0.1015625
7 0.9640625 0.8796875 0.0484375 0.22890625
15 0.8671875 0.4171875 0.209375 0.30546875
15 0.24765625 0.36875 0.0796875 0.29453125
15 0.48828125 0.91171875 0.19453125 0.15546875
15 0.67265625 0.25703125 0.05703125 0.1171875