6 0.60234375 0.7234375 0.2671875 0.42421875
6 0.3515625 0.66484375 0.2203125 0.4796875
6 0.38046875 0.340625 0.3046875 0.37734375
6 0.5703125 0.16640625 0.26484375 0.3328125
6 0.8828125 0.2359375 0.234375 0.471875
6 0.74375 0.3828125 0.20703125 0.396875
6 0.85703125 0.6703125 0.25703125 0.42734375
6 0.74140625 0.89296875 0.21015625 0.2109375
6 0.4953125 0.90078125 0.246875 0.1984375
6 0.27109375 0.875 0.22734375 0.25
6 0.09921875 0.853125 0.1984375 0.290625
6 0.1484375 0.3703125 0.2109375 0.37265625
6 0.2296875 0.12421875 0.21640625 0.22265625
6 0.0875 0.1578125 0.175 0.315625
6 0.05703125 0.27109375 0.1140625 0.38671875
6 0.06171875 0.628125 0.1234375 0.2203125