24 0.14609375 0.10859375 0.1890625 0.2171875
24 0.321875 0.1203125 0.18515625 0.240625
24 0.51015625 0.11015625 0.15390625 0.21953125
24 0.86328125 0.0984375 0.16328125 0.196875
24 0.81484375 0.3765625 0.23984375 0.37421875
24 0.62890625 0.4484375 0.159375 0.25859375
24 0.66328125 0.14765625 0.21796875 0.2953125
24 0.3609375 0.46328125 0.21171875 0.33515625
24 0.1265625 0.309375 0.14921875 0.2015625
24 0.23203125 0.30234375 0.11875 0.22890625
24 0.14921875 0.50234375 0.234375 0.28203125
24 0.134375 0.76015625 0.20234375 0.27734375
24 0.0765625 0.9265625 0.09921875 0.14375
24 0.1578125 0.93984375 0.14921875 0.1203125
24 0.2203125 0.8953125 0.06875 0.10625
24 0.275 0.93203125 0.11640625 0.1328125
24 0.28203125 0.68125 0.13984375 0.22421875
24 0.25078125 0.82734375 0.084375 0.11953125
24 0.33671875 0.83125 0.10703125 0.15625
24 0.40703125 0.725 0.14140625 0.2125
24 0.41328125 0.92578125 0.2109375 0.1484375
24 0.51875 0.803125 0.13984375 0.22890625
24 0.7375 0.8890625 0.13828125 0.20234375
24 0.88125 0.90859375 0.1390625 0.18203125
24 0.878125 0.7203125 0.15390625 0.2421875
24 0.73046875 0.6578125 0.1796875 0.23671875
24 0.51015625 0.46875 0.13046875 0.50390625
24 0.62265625 0.784375 0.1171875 0.43046875