24 0.909375 0.62109375 0.18046875 0.3515625
24 0.89140625 0.85703125 0.21640625 0.2859375
24 0.709375 0.93828125 0.2484375 0.12265625
24 0.70390625 0.709375 0.2328125 0.3328125
24 0.7921875 0.3 0.19375 0.259375
24 0.6921875 0.43828125 0.25078125 0.27578125
24 0.5078125 0.534375 0.25234375 0.390625
24 0.49765625 0.83046875 0.215625 0.27109375
24 0.4390625 0.33828125 0.1703125 0.23203125
24 0.3421875 0.4234375 0.21484375 0.265625
24 0.28515625 0.61328125 0.23984375 0.32578125
24 0.16875 0.77109375 0.2859375 0.396875
24 0.1859375 0.2734375 0.2328125 0.2734375
24 0.12265625 0.421875 0.20859375 0.25546875
24 0.071875 0.53203125 0.14375 0.3109375