18 0.7921875 0.1546875 0.2859375 0.309375
18 0.578125 0.1609375 0.18359375 0.32109375
18 0.65 0.2984375 0.11484375 0.21953125
18 0.7390625 0.32578125 0.10234375 0.184375
18 0.76015625 0.43984375 0.121875 0.23828125
18 0.890625 0.3984375 0.153125 0.325
18 0.55 0.41953125 0.15703125 0.23203125
18 0.66171875 0.45234375 0.11171875 0.18515625
18 0.53046875 0.6203125 0.1828125 0.396875
18 0.68125 0.62734375 0.21953125 0.22109375
18 0.8484375 0.68203125 0.178125 0.265625
18 0.67890625 0.82265625 0.2171875 0.20625