19 0.77265625 0.77265625 0.4546875 0.4546875
19 0.23125 0.81796875 0.4625 0.3640625
19 0.46171875 0.5703125 0.40625 0.4578125
19 0.63046875 0.18125 0.3296875 0.36171875
19 0.8171875 0.43515625 0.36171875 0.3046875
19 0.85703125 0.1046875 0.2140625 0.20859375
19 0.8796875 0.3203125 0.2125 0.2171875
19 0.15703125 0.10625 0.31328125 0.2125
19 0.33984375 0.33203125 0.375 0.3875
19 0.07734375 0.28046875 0.1546875 0.3390625
19 0.1109375 0.43046875 0.22109375 0.22734375
19 0.0609375 0.65234375 0.121875 0.30703125
19 0.20859375 0.59765625 0.18125 0.2515625
19 0.36171875 0.075 0.2 0.14921875
19 0.6359375 0.17109375 0.2890625 0.3421875