15 0.1890625 0.19609375 0.2015625 0.328125
15 0.11328125 0.390625 0.2265625 0.215625
15 0.07265625 0.19453125 0.1453125 0.1859375
15 0.25859375 0.44140625 0.19375 0.18203125
15 0.2671875 0.7046875 0.271875 0.378125
15 0.4171875 0.73046875 0.15546875 0.48515625
15 0.534375 0.68125 0.19921875 0.6375
15 0.74453125 0.78828125 0.23515625 0.4234375
15 0.8875 0.63671875 0.225 0.3984375
15 0.75859375 0.54375 0.33671875 0.25703125
15 0.67578125 0.36328125 0.2078125 0.3765625
15 0.4578125 0.290625 0.32734375 0.22421875
15 0.453125 0.09921875 0.34921875 0.1984375
15 0.73671875 0.1453125 0.1765625 0.290625
15 0.79375 0.11328125 0.1828125 0.2265625
15 0.321875 0.2125 0.175 0.18359375