3 0.05625 0.446875 0.07421875 0.1921875
3 0.08984375 0.5796875 0.0734375 0.20546875
3 0.19609375 0.4453125 0.10625 0.20390625
3 0.37265625 0.48828125 0.07890625 0.11015625
3 0.38671875 0.60390625 0.0859375 0.2
3 0.4125 0.69453125 0.08203125 0.16953125
3 0.425 0.4765625 0.09375 0.203125
3 0.4703125 0.3890625 0.08046875 0.1734375
3 0.4953125 0.52890625 0.08125 0.1484375
3 0.52578125 0.371875 0.05625 0.153125
3 0.64140625 0.55078125 0.08515625 0.15703125
3 0.74140625 0.5109375 0.06171875 0.22734375
3 0.78671875 0.578125 0.08125 0.23125
3 0.83359375 0.6 0.07421875 0.16953125
3 0.90546875 0.50703125 0.103125 0.2046875
3 0.9140625 0.6796875 0.10078125 0.25703125
3 0.9671875 0.57265625 0.0625 0.15390625