3 0.94375 0.446875 0.07421875 0.1921875
3 0.91015625 0.5796875 0.0734375 0.20546875
3 0.80390625 0.4453125 0.10625 0.20390625
3 0.62734375 0.48828125 0.07890625 0.11015625
3 0.61328125 0.60390625 0.0859375 0.2
3 0.5875 0.69453125 0.08203125 0.16953125
3 0.575 0.4765625 0.09375 0.203125
3 0.5296875 0.3890625 0.08046875 0.1734375
3 0.5046875 0.52890625 0.08125 0.1484375
3 0.47421875 0.371875 0.05625 0.153125
3 0.35859375 0.55078125 0.08515625 0.15703125
3 0.25859375 0.5109375 0.06171875 0.22734375
3 0.21328125 0.578125 0.08125 0.23125
3 0.16640625 0.6 0.07421875 0.16953125
3 0.09453125 0.50703125 0.103125 0.2046875
3 0.0859375 0.6796875 0.10078125 0.25703125
3 0.0328125 0.57265625 0.0625 0.15390625