24 0.65703125 0.34140625 0.2625 0.346875
24 0.5578125 0.13671875 0.20078125 0.27265625
24 0.509375 0.44453125 0.14296875 0.36953125
24 0.31953125 0.44921875 0.2515625 0.37265625
24 0.14375 0.24765625 0.171875 0.2421875
24 0.93125 0.22265625 0.1375 0.42890625
24 0.828125 0.4546875 0.2 0.353125
24 0.79140625 0.73671875 0.2578125 0.36484375
24 0.59609375 0.67890625 0.16796875 0.29765625
24 0.48984375 0.88671875 0.23828125 0.2265625
24 0.928125 0.92421875 0.14296875 0.1515625
24 0.91953125 0.50390625 0.1609375 0.3171875
24 0.7765625 0.12265625 0.18828125 0.20078125