15 0.1609375 0.44921875 0.09296875 0.3859375
15 0.13046875 0.8359375 0.14609375 0.2625
15 0.2515625 0.61484375 0.11171875 0.3375
15 0.34296875 0.80234375 0.15234375 0.23515625
15 0.4734375 0.7484375 0.07578125 0.14609375
15 0.646875 0.675 0.234375 0.19140625
15 0.50859375 0.2296875 0.12578125 0.3921875
15 0.57421875 0.13203125 0.228125 0.25625
15 0.04375 0.16796875 0.08671875 0.13515625
15 0.65859375 0.321875 0.1140625 0.296875
15 0.74140625 0.4421875 0.0921875 0.26640625
15 0.89609375 0.59765625 0.20703125 0.2546875
15 0.7890625 0.23359375 0.10625 0.290625
15 0.75546875 0.1140625 0.10390625 0.228125
15 0.94765625 0.26015625 0.1046875 0.1546875
15 0.82421875 0.06328125 0.08828125 0.1265625
15 0.95 0.1046875 0.1 0.209375