8 0.853125 0.13359375 0.29296875 0.2671875
8 0.58359375 0.08984375 0.25 0.17890625
8 0.6203125 0.24609375 0.3203125 0.3640625
8 0.38046875 0.10546875 0.2109375 0.2109375
8 0.22265625 0.14609375 0.1890625 0.18359375
8 0.08828125 0.18125 0.1015625 0.12578125
8 0.4015625 0.28828125 0.2140625 0.33515625
8 0.2140625 0.30859375 0.18046875 0.29140625
8 0.06171875 0.31484375 0.1234375 0.2921875
8 0.85625 0.39765625 0.2875 0.3390625
8 0.74453125 0.634375 0.296875 0.3984375
8 0.8859375 0.75234375 0.228125 0.37109375
8 0.46328125 0.64765625 0.303125 0.434375
8 0.2203125 0.6828125 0.22734375 0.3828125
8 0.059375 0.646875 0.11875 0.4390625
8 0.690625 0.8578125 0.28671875 0.25703125