8 0.146875 0.13359375 0.29296875 0.2671875
8 0.41640625 0.08984375 0.25 0.17890625
8 0.3796875 0.24609375 0.3203125 0.3640625
8 0.61953125 0.10546875 0.2109375 0.2109375
8 0.77734375 0.14609375 0.1890625 0.18359375
8 0.91171875 0.18125 0.1015625 0.12578125
8 0.5984375 0.28828125 0.2140625 0.33515625
8 0.7859375 0.30859375 0.18046875 0.29140625
8 0.93828125 0.31484375 0.1234375 0.2921875
8 0.14375 0.39765625 0.2875 0.3390625
8 0.25546875 0.634375 0.296875 0.3984375
8 0.1140625 0.75234375 0.228125 0.37109375
8 0.53671875 0.64765625 0.303125 0.434375
8 0.7796875 0.6828125 0.22734375 0.3828125
8 0.940625 0.646875 0.11875 0.4390625
8 0.309375 0.8578125 0.28671875 0.25703125