18 0.090625 0.08984375 0.18125 0.1796875
18 0.246875 0.15078125 0.14453125 0.29296875
18 0.3453125 0.14140625 0.15859375 0.28203125
18 0.571875 0.15390625 0.334375 0.3078125
18 0.79609375 0.14375 0.2140625 0.2875
18 0.85625 0.4515625 0.28671875 0.459375
18 0.55859375 0.42890625 0.346875 0.38984375
18 0.3078125 0.37578125 0.23046875 0.27890625
18 0.0984375 0.32890625 0.196875 0.3328125
18 0.14296875 0.5078125 0.1515625 0.20859375
18 0.33984375 0.6921875 0.29453125 0.36171875
18 0.60859375 0.7796875 0.28046875 0.221875
18 0.85 0.86953125 0.2125 0.2609375
18 0.38828125 0.89140625 0.26015625 0.21640625
18 0.10078125 0.75625 0.2015625 0.2375
18 0.11171875 0.9078125 0.2234375 0.178125