3 0.49453125 0.1125 0.82265625 0.225
3 0.18046875 0.340625 0.19765625 0.3953125
3 0.36328125 0.3390625 0.20234375 0.36640625
3 0.503125 0.29609375 0.16796875 0.3515625
3 0.63828125 0.328125 0.16875 0.33984375
3 0.81484375 0.34296875 0.175 0.334375
3 0.10390625 0.53203125 0.203125 0.3390625
3 0.29921875 0.590625 0.1890625 0.32578125
3 0.50703125 0.609375 0.22265625 0.36875
3 0.70078125 0.62421875 0.225 0.403125
3 0.90078125 0.575 0.1984375 0.334375
3 0.0578125 0.846875 0.115625 0.2828125
3 0.15 0.7796875 0.14140625 0.31953125
3 0.26953125 0.8546875 0.1921875 0.28984375
3 0.4171875 0.83984375 0.184375 0.3203125
3 0.61953125 0.85390625 0.1640625 0.2875
3 0.834375 0.85 0.15625 0.3