25 0.09921875 0.07421875 0.1453125 0.14296875
25 0.228125 0.09140625 0.1640625 0.1828125
25 0.39296875 0.11484375 0.24609375 0.2296875
25 0.55703125 0.13125 0.2 0.25625
25 0.740625 0.08515625 0.18125 0.1703125
25 0.89765625 0.1 0.1890625 0.2
25 0.09453125 0.215625 0.1890625 0.24609375
25 0.2140625 0.21796875 0.0953125 0.17578125
25 0.33984375 0.3046875 0.140625 0.228125
25 0.52421875 0.29765625 0.18984375 0.25
25 0.709375 0.2625 0.20703125 0.28515625
25 0.88046875 0.23671875 0.1890625 0.271875
25 0.06953125 0.4609375 0.1390625 0.29375
25 0.23125 0.4578125 0.21875 0.28984375
25 0.42578125 0.5015625 0.225 0.29921875
25 0.64765625 0.478125 0.22734375 0.3
25 0.8609375 0.49140625 0.25 0.3125
25 0.059375 0.671875 0.11875 0.22890625
25 0.19453125 0.7375 0.215625 0.359375
25 0.41796875 0.79453125 0.2453125 0.40390625
25 0.63203125 0.7015625 0.240625 0.29375
25 0.86171875 0.70390625 0.246875 0.3328125