15 0.340625 0.2890625 0.1234375 0.33046875
15 0.58671875 0.34375 0.090625 0.2203125
15 0.7375 0.46875 0.08046875 0.2296875
15 0.8046875 0.47734375 0.078125 0.2171875
15 0.903125 0.3375 0.121875 0.2171875
15 0.6640625 0.19453125 0.0734375 0.31796875
15 0.3375 0.0453125 0.11875 0.090625
15 0.1109375 0.86484375 0.1625 0.2703125
15 0.3390625 0.83671875 0.18359375 0.2984375
15 0.38125 0.728125 0.1109375 0.24453125
15 0.4734375 0.54921875 0.1140625 0.28203125
15 0.56953125 0.60859375 0.08671875 0.22890625
15 0.5234375 0.73984375 0.07578125 0.1828125
15 0.67890625 0.64296875 0.12109375 0.26328125
15 0.76015625 0.73671875 0.1109375 0.259375
15 0.7 0.8203125 0.1046875 0.18671875
15 0.8984375 0.68203125 0.1296875 0.2125
15 0.9 0.85703125 0.146875 0.28515625