15 0.290625 0.70390625 0.09453125 0.16484375
15 0.38828125 0.78359375 0.071875 0.19765625
15 0.45546875 0.8484375 0.07421875 0.21015625
15 0.48828125 0.7203125 0.096875 0.11328125
15 0.0484375 0.76796875 0.0921875 0.14765625
15 0.221875 0.96328125 0.14765625 0.0734375
15 0.10390625 0.37421875 0.1421875 0.2421875
15 0.23515625 0.33671875 0.10703125 0.27890625
15 0.396875 0.2984375 0.09140625 0.1671875
15 0.54296875 0.478125 0.12734375 0.184375
15 0.77578125 0.61953125 0.08515625 0.2203125
15 0.8421875 0.68203125 0.08515625 0.14921875
15 0.92578125 0.5546875 0.1484375 0.26796875
15 0.8796875 0.3859375 0.065625 0.18046875
15 0.63828125 0.18828125 0.10625 0.17890625
15 0.75390625 0.12890625 0.0921875 0.13984375
15 0.8125 0.11171875 0.065625 0.16328125
15 0.90234375 0.14375 0.0734375 0.14140625
15 0.94375 0.22578125 0.1125 0.1578125
15 0.48828125 0.10703125 0.1890625 0.2140625
15 0.20390625 0.09296875 0.1828125 0.1859375
15 0.03671875 0.07890625 0.0734375 0.1578125