24 0.121875 0.44296875 0.15234375 0.27265625
24 0.28984375 0.3203125 0.196875 0.315625
24 0.29765625 0.58359375 0.1765625 0.3015625
24 0.4125 0.51796875 0.18828125 0.3140625
24 0.40625 0.1734375 0.17109375 0.275
24 0.42421875 0.38671875 0.13515625 0.190625
24 0.453125 0.66015625 0.15234375 0.2
24 0.49453125 0.79140625 0.115625 0.1359375
24 0.56953125 0.6859375 0.10546875 0.17265625
24 0.68671875 0.8546875 0.13828125 0.2125
24 0.81015625 0.92578125 0.1390625 0.1484375
24 0.81953125 0.40078125 0.15390625 0.20703125
24 0.8125 0.1453125 0.140625 0.22890625
24 0.91328125 0.2453125 0.12265625 0.20703125
24 0.89921875 0.0796875 0.1015625 0.159375
24 0.91796875 0.35625 0.1203125 0.17578125
24 0.77890625 0.50703125 0.0640625 0.12890625
24 0.740625 0.58671875 0.08984375 0.15703125
24 0.58828125 0.63828125 0.0984375 0.315625