6 0.2859375 0.06484375 0.14375 0.12890625
6 0.4796875 0.0484375 0.08828125 0.096875
6 0.67109375 0.11875 0.09375 0.14453125
6 0.2796875 0.24375 0.1328125 0.1546875
6 0.5046875 0.18359375 0.11875 0.1546875
6 0.709375 0.278125 0.0921875 0.1296875
6 0.25234375 0.48515625 0.15546875 0.17265625
6 0.5140625 0.40546875 0.11484375 0.16015625
6 0.74453125 0.55234375 0.1265625 0.1796875
6 0.51484375 0.6703125 0.1296875 0.18203125
6 0.22734375 0.8296875 0.165625 0.21171875
6 0.546875 0.9484375 0.12265625 0.10234375
6 0.77265625 0.81875 0.140625 0.19140625