19 0.1109375 0.7828125 0.22109375 0.43359375
19 0.35546875 0.78125 0.2609375 0.4375
19 0.6515625 0.81015625 0.24296875 0.3796875
19 0.88203125 0.74765625 0.2359375 0.5015625
19 0.89453125 0.3625 0.21015625 0.36328125
19 0.9203125 0.10859375 0.159375 0.2171875
19 0.621875 0.1625 0.240625 0.325
19 0.65390625 0.45 0.24765625 0.33203125
19 0.33671875 0.16875 0.21796875 0.3375
19 0.17734375 0.20546875 0.19921875 0.259375
19 0.10703125 0.4421875 0.2140625 0.35625
19 0.30390625 0.48203125 0.240625 0.340625
19 0.4671875 0.4375 0.16953125 0.321875
19 0.47421875 0.18671875 0.15078125 0.37265625
19 0.7546875 0.06640625 0.16171875 0.1328125
19 0.7671875 0.24453125 0.1609375 0.3828125
19 0.065625 0.103125 0.13125 0.20625
19 0.05 0.2375 0.1 0.25234375