3 0.11875 0.13046875 0.2375 0.26015625
3 0.33828125 0.09453125 0.28515625 0.18828125
3 0.04296875 0.22109375 0.0859375 0.2703125
3 0.21171875 0.28359375 0.28984375 0.38046875
3 0.09140625 0.5140625 0.1828125 0.4421875
3 0.0484375 0.81328125 0.096875 0.3734375
3 0.2265625 0.84765625 0.34765625 0.3046875
3 0.34609375 0.59375 0.334375 0.43203125
3 0.51875 0.38984375 0.29375 0.553125
3 0.58359375 0.146875 0.2859375 0.29375
3 0.72265625 0.59921875 0.28359375 0.51796875
3 0.53515625 0.82265625 0.30703125 0.3546875
3 0.8296875 0.89921875 0.2859375 0.20078125
3 0.91640625 0.7328125 0.1671875 0.534375
3 0.84765625 0.228125 0.3046875 0.421875