4 0.2390625 0.2875 0.14609375 0.25703125
4 0.3 0.8140625 0.17109375 0.303125
4 0.46875 0.88046875 0.140625 0.2390625
4 0.67734375 0.628125 0.15859375 0.17890625
4 0.69921875 0.1953125 0.1859375 0.2109375
4 0.71875 0.4828125 0.15546875 0.25078125
4 0.503125 0.67890625 0.1578125 0.34453125
24 0.17578125 0.6984375 0.121875 0.23046875
24 0.32890625 0.41015625 0.1625 0.20546875
24 0.33828125 0.09765625 0.1359375 0.1953125
24 0.53671875 0.378125 0.1359375 0.20546875
24 0.63359375 0.4921875 0.15 0.1609375
24 0.590625 0.83359375 0.06875 0.24765625
11 0.45390625 0.3109375 0.084375 0.2109375
16 0.453125 0.103125 0.2078125 0.11640625