3 0.12890625 0.26015625 0.13671875 0.2078125
3 0.225 0.04921875 0.1671875 0.0984375
3 0.36328125 0.065625 0.20390625 0.13125
3 0.2546875 0.12734375 0.16484375 0.16875
3 0.3328125 0.61015625 0.22578125 0.284375
3 0.25703125 0.49375 0.1765625 0.2421875
3 0.3265625 0.27734375 0.20234375 0.3453125
3 0.52265625 0.2390625 0.1953125 0.27890625
24 0.5203125 0.45234375 0.24609375 0.22890625
24 0.5234375 0.7140625 0.1828125 0.25078125
24 0.64140625 0.61875 0.15859375 0.253125
24 0.6765625 0.37734375 0.12890625 0.23828125