15 0.04140625 0.1640625 0.0828125 0.23671875
15 0.09375 0.4375 0.18671875 0.4046875
15 0.178125 0.7765625 0.31015625 0.44609375
15 0.2671875 0.525 0.1046875 0.25078125
15 0.35 0.78359375 0.11015625 0.19765625
15 0.42109375 0.77109375 0.06875 0.153125
15 0.5140625 0.76796875 0.11640625 0.24921875
15 0.58671875 0.81796875 0.0953125 0.22109375
15 0.503125 0.94140625 0.0890625 0.10859375
15 0.8359375 0.915625 0.15390625 0.16796875
15 0.7125 0.6734375 0.353125 0.31640625
15 0.903125 0.53359375 0.19375 0.3109375
15 0.45625 0.47890625 0.3015625 0.38203125
15 0.6671875 0.3625 0.28046875 0.34921875
15 0.33359375 0.17421875 0.3984375 0.3484375
15 0.58125 0.1375 0.296875 0.27421875
15 0.82265625 0.18125 0.3546875 0.3625