10 0.0296875 0.596875 0.059375 0.421875
10 0.11328125 0.59921875 0.15859375 0.51640625
10 0.21484375 0.59375 0.1015625 0.5
10 0.08203125 0.8578125 0.10859375 0.2296875
10 0.16875 0.803125 0.09921875 0.3875
10 0.32109375 0.77265625 0.12265625 0.45078125
10 0.44375 0.70390625 0.12890625 0.521875
10 0.25859375 0.8421875 0.0703125 0.21796875
10 0.546875 0.76171875 0.11484375 0.47265625
10 0.61875 0.77421875 0.0875 0.4515625
10 0.69765625 0.78828125 0.11171875 0.4234375
10 0.77890625 0.72890625 0.14140625 0.41953125
10 0.8484375 0.8515625 0.14140625 0.296875
10 0.94921875 0.83046875 0.1015625 0.3390625