6 0.69609375 0.17109375 0.5109375 0.3421875
6 0.78046875 0.60078125 0.34453125 0.5453125
6 0.25234375 0.578125 0.20078125 0.384375
6 0.18359375 0.221875 0.27265625 0.2890625
6 0.49765625 0.815625 0.20390625 0.21875
7 0.6640625 0.3890625 0.0921875 0.10703125
7 0.55 0.6109375 0.0921875 0.1390625
7 0.40859375 0.39609375 0.1171875 0.11171875
7 0.5375 0.4234375 0.1203125 0.14140625
7 0.37421875 0.8109375 0.08046875 0.1265625
7 0.9375 0.56875 0.1171875 0.12421875
7 0.33515625 0.1140625 0.07890625 0.134375
7 0.09765625 0.24453125 0.1 0.08671875
7 0.3453125 0.3203125 0.121875 0.11953125
7 0.66328125 0.290625 0.21328125 0.06953125
7 0.83671875 0.175 0.06796875 0.11640625
7 0.48984375 0.11015625 0.0640625 0.096875
7 0.3765625 0.05625 0.10859375 0.08671875
7 0.4078125 0.259375 0.05546875 0.08203125
7 0.71640625 0.6 0.07109375 0.13671875