23 0.56328125 0.24296875 0.22578125 0.27421875
23 0.528125 0.5046875 0.2203125 0.30859375
23 0.38046875 0.25 0.2046875 0.2640625
23 0.1046875 0.40390625 0.209375 0.26953125
24 0.08203125 0.24609375 0.16328125 0.18984375
24 0.115625 0.61640625 0.15 0.2125
24 0.65546875 0.51015625 0.1234375 0.20546875
24 0.5828125 0.06796875 0.17734375 0.1359375
24 0.334375 0.05390625 0.1984375 0.1078125
24 0.45625 0.06796875 0.12890625 0.1359375
24 0.765625 0.05234375 0.125 0.1046875
24 0.8765625 0.45625 0.12890625 0.16953125
23 0.36953125 0.871875 0.24453125 0.25625
23 0.175 0.80859375 0.26171875 0.315625
25 0.721875 0.80390625 0.53671875 0.28984375
25 0.80234375 0.92421875 0.3859375 0.1515625
25 0.2921875 0.51015625 0.2484375 0.59453125
25 0.91640625 0.2875 0.16640625 0.53828125
25 0.76171875 0.42578125 0.1234375 0.5125
25 0.2 0.1765625 0.23125 0.1796875
25 0.7046875 0.1265625 0.13671875 0.171875