17 0.3046875 0.11015625 0.06171875 0.05234375
17 0.3203125 0.325 0.1234375 0.11796875
17 0.24921875 0.425 0.05234375 0.10234375
17 0.2609375 0.58671875 0.08125 0.11171875
17 0.4625 0.47421875 0.1796875 0.11328125
17 0.52734375 0.2484375 0.3484375 0.23515625
17 0.571875 0.0671875 0.0875 0.11328125
17 0.48515625 0.0484375 0.059375 0.0765625
17 0.7328125 0.37578125 0.11796875 0.1453125
17 0.68828125 0.40859375 0.06328125 0.1078125
17 0.57734375 0.49375 0.10703125 0.121875
17 0.56875 0.4109375 0.09609375 0.1421875