7 0.790625 0.309375 0.19453125 0.3828125
7 0.69609375 0.59609375 0.0953125 0.190625
7 0.71328125 0.46640625 0.09609375 0.13671875
7 0.840625 0.6203125 0.09765625 0.115625
7 0.834375 0.71953125 0.05546875 0.0734375
7 0.77109375 0.7515625 0.0703125 0.11875
7 0.23046875 0.13828125 0.12890625 0.12890625
7 0.40078125 0.228125 0.10390625 0.23515625
7 0.21796875 0.23984375 0.20546875 0.134375
7 0.1875 0.29296875 0.25546875 0.1578125
7 0.24296875 0.39140625 0.1109375 0.22890625
7 0.325 0.29921875 0.1 0.30625