15 0.95546875 0.315625 0.06640625 0.09296875
15 0.975 0.46875 0.05 0.11328125
15 0.88359375 0.50546875 0.05859375 0.1171875
15 0.846875 0.390625 0.06640625 0.11171875
15 0.7140625 0.365625 0.06640625 0.08671875
15 0.934375 0.68515625 0.0796875 0.12265625
15 0.7296875 0.76484375 0.0578125 0.128125
15 0.60859375 0.48125 0.07890625 0.1296875
15 0.49140625 0.559375 0.05234375 0.10703125
15 0.5796875 0.5984375 0.04921875 0.08125
15 0.51796875 0.640625 0.05078125 0.0828125
15 0.25078125 0.54140625 0.125 0.28125
15 0.13125 0.4578125 0.1 0.2671875
15 0.33125 0.33671875 0.09375 0.15625