3 0.2046875 0.1140625 0.378125 0.228125
3 0.62890625 0.1359375 0.33359375 0.27109375
3 0.0875 0.33359375 0.17421875 0.3
3 0.41953125 0.1109375 0.18984375 0.21171875
3 0.31875 0.3984375 0.43828125 0.46640625
3 0.70078125 0.40234375 0.4125 0.4109375
3 0.884375 0.346875 0.23125 0.346875
3 0.8734375 0.59765625 0.253125 0.24921875
3 0.64140625 0.76953125 0.37265625 0.403125
3 0.3140625 0.76953125 0.371875 0.328125
3 0.15546875 0.58671875 0.3109375 0.34609375
3 0.12734375 0.93671875 0.2546875 0.1265625
3 0.8796875 0.96015625 0.23984375 0.0796875