0 0.05 0.0859375 0.1 0.171875
0 0.18125 0.10703125 0.19765625 0.2140625
0 0.59375 0.12421875 0.2578125 0.24765625
0 0.821875 0.09609375 0.171875 0.1921875
0 0.95859375 0.12890625 0.0828125 0.2578125
0 0.13359375 0.3 0.2671875 0.359375
0 0.35078125 0.23359375 0.2265625 0.35390625
0 0.7734375 0.2953125 0.31484375 0.29140625
0 0.94453125 0.353125 0.1109375 0.2625
0 0.503125 0.45546875 0.20390625 0.4078125
0 0.09375 0.5671875 0.1875 0.3125
0 0.26875 0.58125 0.21953125 0.4390625
0 0.7015625 0.6078125 0.27421875 0.39375
0 0.8796875 0.5828125 0.240625 0.33359375
0 0.46484375 0.76328125 0.31484375 0.321875
0 0.10625 0.8171875 0.21015625 0.3453125
0 0.2953125 0.909375 0.27421875 0.18125
0 0.5953125 0.9078125 0.3 0.184375
0 0.85078125 0.87421875 0.2484375 0.2515625