24 0.35859375 0.615625 0.22421875 0.271875
24 0.246875 0.3828125 0.21015625 0.321875
24 0.4359375 0.47265625 0.20234375 0.284375
24 0.72109375 0.56171875 0.13046875 0.1890625
24 0.72578125 0.775 0.14765625 0.196875
24 0.58828125 0.68671875 0.11640625 0.18671875
24 0.44453125 0.815625 0.13203125 0.19921875
24 0.19921875 0.0984375 0.109375 0.15078125
24 0.14140625 0.2 0.1265625 0.175
24 0.0890625 0.7796875 0.08203125 0.19140625
24 0.2625 0.88359375 0.13828125 0.17109375
24 0.8109375 0.303125 0.16171875 0.22265625