14 0.05703125 0.12578125 0.08515625 0.1421875
14 0.1390625 0.12421875 0.07265625 0.153125
14 0.21875 0.1015625 0.0515625 0.1078125
14 0.10625 0.2671875 0.084375 0.1484375
14 0.0515625 0.39140625 0.09453125 0.16875
14 0.1375 0.40546875 0.08984375 0.16328125
14 0.2390625 0.29609375 0.134375 0.30390625
14 0.14765625 0.8015625 0.2953125 0.396875
14 0.503125 0.278125 0.33125 0.48125
14 0.4390625 0.7859375 0.1109375 0.25703125
14 0.53125 0.80390625 0.13203125 0.303125
14 0.50859375 0.6546875 0.115625 0.19140625
14 0.7265625 0.1171875 0.096875 0.14453125
14 0.7234375 0.25546875 0.09140625 0.1546875
14 0.72890625 0.41171875 0.07890625 0.1359375
14 0.81796875 0.1625 0.0890625 0.1515625
14 0.81796875 0.3203125 0.0890625 0.1359375
14 0.92421875 0.10703125 0.09765625 0.1640625
14 0.928125 0.2921875 0.11796875 0.2921875
14 0.79296875 0.76015625 0.2203125 0.38359375
14 0.9421875 0.8546875 0.115625 0.19765625