24 0.7390625 0.5296875 0.13046875 0.15546875
24 0.69453125 0.38828125 0.115625 0.128125
24 0.65234375 0.271875 0.11328125 0.14921875
24 0.5734375 0.2234375 0.090625 0.13125
24 0.47578125 0.209375 0.0984375 0.1328125
24 0.3875 0.228125 0.06875 0.10625
24 0.328125 0.225 0.1 0.15546875
24 0.253125 0.246875 0.09453125 0.1390625
24 0.6359375 0.6109375 0.13046875 0.165625
24 0.52578125 0.76484375 0.13359375 0.16796875
24 0.40390625 0.67421875 0.1390625 0.20390625
24 0.2859375 0.6046875 0.10625 0.1625
24 0.2421875 0.47890625 0.13125 0.17109375
24 0.18671875 0.36484375 0.10234375 0.11953125
24 0.4125 0.34609375 0.0859375 0.121875
24 0.33359375 0.328125 0.0953125 0.14921875
24 0.53671875 0.4296875 0.096875 0.1421875
24 0.40390625 0.5171875 0.11640625 0.16015625
24 0.5140625 0.5875 0.11328125 0.13359375
24 0.61953125 0.4859375 0.09453125 0.15625
24 0.503125 0.29609375 0.08828125 0.1
24 0.33984375 0.46640625 0.09375 0.13671875
24 0.4484375 0.44609375 0.08359375 0.14921875