16 0.6453125 0.24140625 0.228125 0.4828125
16 0.6890625 0.49453125 0.1890625 0.21796875
16 0.696875 0.69375 0.20234375 0.31875
16 0.75390625 0.77890625 0.13046875 0.25390625
16 0.88359375 0.840625 0.1875 0.3015625
16 0.49140625 0.7890625 0.24140625 0.421875
16 0.24140625 0.7875 0.2453125 0.425
16 0.06171875 0.7484375 0.1234375 0.503125
16 0.10546875 0.43828125 0.2109375 0.44140625
16 0.359375 0.22578125 0.234375 0.4515625
16 0.34765625 0.5171875 0.20234375 0.3515625
16 0.1453125 0.134375 0.15859375 0.26796875